to       XP
lev	cost
-------------
42     110000     race	str	dex	con	int	wis	chr
41     105000    ---------------------------------------------------
40     100000	 troll	40	33	38	20	20	20
39	95000	 orc	38	33	38	20	25	20
38	90000	 dwarf	36	30	36 	25	30	25
37	85000 	 hobbit	20	40	20	30	33	33
36	80000	 h-elf	25	33	30 	33	33      30
35	75000    elf    20      33      25      38      33      36
34	70000    human	33	30	33	30	30	30
33	65000
32	60000    class 	str	dex	con	int	wis	chr
31	55000    ---------------------------------------------------
30	50000    figh.	+2	0	+2	-2	-2	0
29	42857    thief	-2	+2	0	0 	-2	+2
28	36734	 mage	-2	0	-2	+2	+2	0
27	31486	 monk	0	+2	0	-2	+2	-2
26	26988	 bard	-2	0	-2	+2	0	+2
25	23132  	 jedi	-1	0	-1	0	+1	+1
24	19827    ninja	0	+2	0	0	0	-2
23	16994    druid	0	0	0	0	0	0
22	14566    adv.	0	0	0	0	0	0
21	12485
20	10701
19	9172
18	7861
17	6738
16	5775
15	4950
14	4242
13	3636
12	3116
11	2670
10	2288
9	1961
8	1680
7	1440
6	1234
5	1057
4	906
3	776
2	665
1	570
0	488
